# snapshot schedule: segmented-logarithmic versus uniform, same number of frames; t=0 clamped to 1e-4 for log axis
tlog tesit
0.0001 0.0001
0.01666666667 3.333333333
0.03333333333 6.666666667
0.05 10
0.06666666667 13.33333333
0.08333333333 16.66666667
0.1 20
0.1166666667 23.33333333
0.1333333333 26.66666667
0.15 30
0.1666666667 33.33333333
0.1833333333 36.66666667
0.2 40
0.2166666667 43.33333333
0.2333333333 46.66666667
0.25 50
0.2666666667 53.33333333
0.2833333333 56.66666667
0.3 60
0.3166666667 63.33333333
0.3333333333 66.66666667
0.35 70
0.3666666667 73.33333333
0.3833333333 76.66666667
0.4 80
0.4166666667 83.33333333
0.4333333333 86.66666667
0.45 90
0.4666666667 93.33333333
0.4833333333 96.66666667
0.5 100
0.5166666667 103.3333333
0.5333333333 106.6666667
0.55 110
0.5666666667 113.3333333
0.5833333333 116.6666667
0.6 120
0.6166666667 123.3333333
0.6333333333 126.6666667
0.65 130
0.6666666667 133.3333333
0.6833333333 136.6666667
0.7 140
0.7166666667 143.3333333
0.7333333333 146.6666667
0.75 150
0.7666666667 153.3333333
0.7833333333 156.6666667
0.8 160
0.8166666667 163.3333333
0.8333333333 166.6666667
0.85 170
0.8666666667 173.3333333
0.8833333333 176.6666667
0.9 180
0.9166666667 183.3333333
0.9333333333 186.6666667
0.95 190
0.9666666667 193.3333333
0.9833333333 196.6666667
1 200
1.070621238 203.3333333
1.146229835 206.6666667
1.227178004 210
1.313842834 213.3333333
1.406628041 216.6666667
1.505965855 220
1.612319027 223.3333333
1.726182993 226.6666667
1.848088172 230
1.978602446 233.3333333
2.1183338 236.6666667
2.267933155 240
2.428097402 243.3333333
2.599572646 246.6666667
2.783157684 250
2.979707724 253.3333333
3.190138372 256.6666667
3.415429892 260
3.656631779 263.3333333
3.914867641 266.6666667
4.19134044 270
4.487338089 273.3333333
4.80423946 276.6666667
5.143520797 280
5.506762602 283.3333333
5.895656993 286.6666667
6.312015587 290
6.757777941 293.3333333
7.235020584 296.6666667
7.745966692 300
8.292996448 303.3333333
8.878658122 306.6666667
9.505679948 310
10.17698283 313.3333333
10.89569396 316.6666667
11.66516135 320
12.48896948 323.3333333
13.37095597 326.6666667
14.31522943 330
15.32618865 333.3333333
16.40854306 336.6666667
17.56733468 340
18.8079616 343.3333333
20.13620313 346.6666667
21.55824672 350
23.08071679 353.3333333
24.71070557 356.6666667
26.45580619 360
28.32414797 363.3333333
30.32443435 366.6666667
32.46598344 370
34.75877138 373.3333333
37.21347884 376.6666667
39.84154077 380
42.6551997 383.3333333
45.6675627 386.6666667
48.8926625 390
52.34552284 393.3333333
56.04222846 396.6666667
60 400
62.34733823 403.3333333
64.78650974 406.6666667
67.32110726 410
69.95486407 413.3333333
72.69165952 416.6666667
75.53552471 420
78.49064846 423.3333333
81.56138345 426.6666667
84.75225268 430
88.06795606 433.3333333
91.51337739 436.6666667
95.09359155 440
98.81387193 443.3333333
102.6796982 446.6666667
106.6967646 450
110.8709878 453.3333333
115.2085163 456.6666667
119.7157389 460
124.3992944 463.3333333
129.2660814 466.6666667
134.3232683 470
139.578304 473.3333333
145.0389288 476.6666667
150.7131859 480
156.6094329 483.3333333
162.7363548 486.6666667
169.1029759 490
175.7186739 493.3333333
182.5931932 496.6666667
189.7366596 500
197.1595949 503.3333333
204.8729324 506.6666667
212.8880335 510
221.2167039 513.3333333
229.871211 516.6666667
238.8643023 520
248.2092241 523.3333333
257.9197408 526.6666667
268.0101553 530
278.49533 533.3333333
289.3907089 536.6666667
300.7123402 540
312.4768997 543.3333333
324.7017159 546.6666667
337.4047951 550
350.604848 553.3333333
364.3213174 556.6666667
378.5744067 560
393.3851097 563.3333333
408.7752414 566.6666667
424.7674706 570
441.3853527 573.3333333
458.6533646 576.6666667
476.5969408 580
495.2425112 583.3333333
514.6175392 586.6666667
534.7505629 590
555.6712369 593.3333333
577.4103758 596.6666667
600 600
