# the 84 coarse-only design points; lhs_design(DART_UZAYI_S4, 96, root_seed=20260906)
alphab Y0 f
1.026106 28.296864 0.476135
1.107492 58707.851499 0.387610
1.256456 1266.390042 0.438512
1.073685 8.513392 0.053632
1.028132 33062.696631 0.397244
1.211502 20.673523 0.189538
1.019855 5.764262 0.237888
1.079412 54.208097 0.409476
1.049698 688.836725 0.064611
1.129598 52.023083 0.325751
1.111906 2.140364 0.340243
1.230921 53204.506076 0.093478
1.190018 1143.379499 0.221522
1.092731 13.459655 0.374242
1.219887 288.482572 0.465441
1.182635 1.145899 0.351026
1.271131 232.725344 0.106194
1.199394 4100.776479 0.445002
1.162533 1.775213 0.371292
1.067550 110.930710 0.468654
1.056655 7515.835169 0.309748
1.022908 17581.958997 0.364717
1.290595 29.902059 0.118020
1.174541 73.460285 0.193788
1.002374 3650.558370 0.491307
1.276767 973.205104 0.245373
1.222913 20161.291244 0.208659
1.054488 370.564960 0.360265
1.155969 9.288457 0.267845
1.252041 2.948423 0.233744
1.095981 4.050928 0.316148
1.249791 2354.924110 0.270619
1.151809 62.642052 0.335840
1.205446 174.125667 0.455056
1.124848 74461.877013 0.209467
1.202940 88.390513 0.100348
1.082452 135.286521 0.256777
1.117618 39349.729046 0.458080
1.070266 12508.710330 0.290368
1.217165 46015.668183 0.156644
1.062547 7111.671471 0.279130
1.245318 97882.516581 0.197691
1.261778 78.357982 0.227494
1.179581 607.616402 0.055628
1.088199 43.119215 0.133449
1.226299 148.929535 0.216109
1.146149 2625.427529 0.286643
1.265174 17.225737 0.433427
1.076835 40.105984 0.231369
1.253740 28221.623808 0.298301
1.050598 2.740512 0.085292
1.042389 6157.944817 0.166772
1.186887 9.999851 0.481517
1.240036 5534.784924 0.173307
1.012114 35934.438294 0.264846
1.169628 4690.416844 0.318783
1.234599 157.570866 0.417007
1.161312 9318.438194 0.069596
1.138508 15792.604213 0.414952
1.147212 537.029335 0.144600
1.296111 1388.547805 0.123041
1.292546 25985.311734 0.349013
1.113552 1721.229942 0.249391
1.192043 2115.502235 0.402100
1.105217 1515.542089 0.381464
1.243374 2.388562 0.480690
1.282247 2943.209935 0.253592
1.214025 15.169873 0.148945
1.097576 3.415516 0.329048
1.157988 826.494173 0.115011
1.119894 23.543938 0.280173
1.232333 266.300528 0.304066
1.038418 33.228825 0.075749
1.061488 3464.707679 0.393035
1.208975 18.566290 0.167325
1.131846 98.678497 0.059930
1.167024 4.696940 0.386279
1.036377 340.671015 0.182241
1.127461 7.540382 0.421290
1.045465 8583.738814 0.355523
1.195021 11503.364850 0.125028
1.085987 11.866112 0.303073
1.102923 787.427235 0.161158
1.266908 1.982124 0.138901
